WGS84 UTM 44N
303616 2333984
14.80691391468281 19.02681966777891 374.8
-32.265523548820056 6.624021377880126 374.8
-16.194050050224178 2.38508607307449 374.8
-41.08460871881107 -32.03444156004116 374.7
-2.2323889429681003 -32.19772419333458 374.8
18.15241081279237 -22.04623510595411 374.4
-3.0598710514605045 14.532872376963496 374.5
36.64547067473177 -32.87490544794127 374.9
-28.69986533152405 -2.7938785343430936 374.4
-3.1429932857863605 -4.853919838089496 374.7
10.327576268929988 46.05620968295261 374.9
-3.1291905511170626 24.49058069474995 374.9
-35.56699624180328 -19.29785864846781 374.8
9.104076882591471 24.71127592632547 374.3
-26.17511620488949 16.06559718819335 374.4
-3.5003782609128393 -24.24360500695184 374.5
49.96678344963584 31.239037968683988 374.9
-28.900592533114832 24.283116150647402 374.7
-48.12542906112503 -6.069632696919143 374.8
-28.156902661314234 -6.414584649261087 374.7
20.676192928571254 -3.5066456627100706 374.4
45.919553407409694 6.193432135507464 374.8
1.9591634925454855 15.679016723297536 374.3
-28.98771437915275 18.166064742021263 374.8
24.94023693073541 -22.41908843908459 374.3
7.513318653567694 -31.433785911649466 374.4
9.345990564790554 -41.181745174806565 374.8
8.97497095784638 -50.5436362833716 375.0
-15.81708592933137 60.8330926024355 374.8
-45.326396772579756 -19.028085402213037 374.9
-16.65636040933896 -36.52340053766966 374.8
-17.00260984909255 43.90171020384878 374.5
3.3834818701725453 -12.645970131270587 374.4
13.67965283698868 -3.208209285978228 374.5
32.59009876626078 33.73704195674509 374.4
26.058277445845306 6.08793174661696 374.7
43.67472179385368 18.66850670753047 374.9
10.210321672144346 36.42984631471336 374.7
22.034414370078593 -47.361364234704524 374.8
-16.832645395072177 34.64104807842523 374.4
16.229024200234562 24.774274325929582 374.4
-29.58555894973688 -39.433429141528904 374.9
-25.960345969127957 -19.304354371502995 374.7
-29.938811626227107 -49.727548686321825 374.7
-29.23899856186472 -1.0372502692043781 375.0
-16.135821207251865 12.144417989067733 374.8
42.840992206241935 -19.684960644692183 374.7
50.14119889878202 31.098548027686775 375.0
10.509541355597321 -12.733707984909415 374.5
-2.672340385208372 34.51586052402854 374.4
6.782610662048683 6.193890883587301 374.8
-11.93082077614963 -32.38393793255091 374.9
-15.643361858383287 50.67420507222414 374.8
-34.92206274939235 -31.34175811195746 374.4
48.42485805717297 18.56286726379767 374.9
-50.90390796860447 -19.072537436615676 374.6
4.057053605560213 -22.038727959617972 374.4
-2.5179003556258976 53.345057267230004 374.8
9.972680485108867 -2.281368485186249 374.7
24.39161849115044 18.876041705254465 374.8
-20.748838674277067 -31.113373959902674 374.4
9.1481751332758 -56.37463859701529 374.8
-10.11477120697964 -21.90726183122024 374.4
-4.9616110030328855 25.02603799570352 374.3
-29.143788307439536 -10.515417581424117 374.7
-2.843555188155733 43.671953964512795 374.8
34.19563904986717 18.71958806272596 374.9
-12.085828269599006 25.024559259880334 374.3
-2.5829532287898473 59.28858644980937 374.7
-7.923579789930955 6.294794492423534 374.4
28.853238336159848 5.9040070520713925 374.3
6.537010618078057 -3.301757072098553 374.4
36.05557296209736 5.676955171395093 375.0
49.81494651263347 31.093195455148816 375.0
-28.845970292808488 6.045093710534275 374.4
-14.934255806147121 6.37501813005656 374.4
23.270136493607424 39.89202128816396 374.8
-22.50138867512578 6.511072203051299 374.6
20.54923309647711 -6.904073406010866 374.9
31.36422029300593 24.58216747874394 374.4
49.89214379823534 31.030759290326387 374.5
22.599653328186832 -18.247965147253126 374.7
-42.76154245680664 32.59605303173885 374.9
13.454830471193418 6.05310225347057 374.5
4.536083877901547 34.31640503089875 374.4
-3.108188009238802 6.3360113319940865 374.7
-0.8682951416121796 6.324778407346457 374.4
-44.052768410765566 19.646220537368208 374.7
-16.551077511219773 -26.93380594998598 374.6
-27.558859624899924 15.977457270026207 374.5
-5.072771475999616 15.67028626659885 374.4
-31.303535196813755 -32.18143068673089 374.8
9.53698053827975 -21.703957724850625 374.8
22.675388603121974 -19.8914275476709 374.7
20.621179073525127 5.955661486834288 374.4
49.71528051322093 31.208189826924354 375.0
11.654049036325887 34.27797734271735 374.4
24.47252546076197 -12.948803121689707 374.5
-6.3976310779107735 -19.549101704731584 374.8
-37.92824222013587 -6.178508775308728 374.8
23.140102634206414 30.161227751988918 374.8
9.668553934432566 -12.086992914322764 374.9
-21.732608770544175 -32.27977759344503 374.7
-24.606331539864186 34.64114038879052 374.4
-0.5825416709994897 -3.152575235348195 374.4
10.142936760210432 26.627560809720308 374.9
22.662644053110853 -8.571742914617062 374.8
-31.751484752749093 -12.548400514759123 374.4
-3.720756743568927 -43.521107068285346 375.0
9.385605580522679 -31.52985249320045 374.8
23.00567218917422 1.1073045721277595 374.8
45.0962223270908 -7.226428433787078 374.6
9.945407659746706 56.408281460404396 374.7
7.674909437075257 -32.653785968665034 374.8
-15.843443168676458 21.688726499676704 374.8
29.94291803787928 15.01435995940119 374.3
12.85095831437502 -19.750106514431536 374.9
30.250285211543087 24.607704165857285 374.4
27.31633895728737 -3.6747309449128807 374.4
-33.95139119576197 19.492344620637596 374.7
-29.58377102704253 -29.808768603485078 374.7
23.333349155436736 49.34369636280462 375.0
23.26163706299849 54.727478889748454 374.6
17.632275960349943 -12.858314786106348 374.5
-3.6132522611296736 -33.50090508442372 374.8
23.879672101000324 -31.751256103161722 374.4
21.446323954500258 -31.500879902392626 374.4
-12.405202114430722 15.880446521099657 374.3
-24.382060950621963 -21.550104049500078 374.4
-23.640141389740165 34.81421706080437 374.4
22.503004003083333 -57.9728408716619 374.9
18.714399172342382 34.24946507439017 374.4
17.336111260810867 -32.68551163375378 374.9
-22.888230755284894 43.67635409720242 374.4
30.24118125787936 -7.019209104590118 374.8
9.996272785996553 16.955407626461238 374.7
3.184794821194373 -19.893648331984878 374.6
-16.287497781566344 -7.423042641021311 374.7
9.836676204227842 7.409522557631135 374.9
49.62872987380251 31.94129633391276 374.7
-17.963205128675327 -12.404644043184817 374.3
-9.673725035623647 34.40526306768879 374.4
49.88867266639136 31.467586813960224 374.6
-33.28465511742979 -21.56735547212884 374.3
-46.84450338530587 6.741903728339821 374.7
-4.8907845368376 19.325441263616085 374.8
14.631896602804773 -31.423001631628722 374.3
-2.7687555417069234 34.17557443585247 374.7
-24.183317804709077 19.46854982012883 374.8
-30.35995716578327 -2.817215343005955 374.3
16.18930054595694 15.356155668850988 374.4
23.25594254740281 15.370634774677455 374.3
11.102923849481158 -22.07322115218267 374.5
-15.808998276479542 31.146897037513554 374.6
-3.7160171143477783 -12.509329408872873 374.4
-24.99533554876689 -12.428744619246572 374.4
22.358808731893077 -37.54982943460345 374.8
-3.1329253922449425 4.7398816789500415 375.0
-3.4245122170541435 -14.456799926236272 374.8
-31.231814855418634 -21.530229999218136 374.4
-28.972771331027616 8.73499045195058 374.7
-3.960004398948513 -53.45361681189388 374.7
-14.645704906492028 19.241409755777568 374.8
32.58932814135915 -20.030730058439076 374.9
-8.697266520699486 -6.58736415207386 374.7
-21.819138229009695 -2.878715466707945 374.3
-16.79605839692522 -46.094130353070796 374.7
-19.2749974563485 15.912859024479985 374.4
6.323810610221699 6.2085696454159915 374.4
-13.744613327493425 -31.251965206116438 374.3
22.404298432986252 -27.888779290020466 375.0
25.730579051887617 34.39065836137161 374.4
49.9687198397005 31.15904001193121 374.6
-14.740393855725415 -2.818256251513958 374.4
41.64285137940897 -33.066533326637 374.7
-29.437744140974246 -20.191973843146116 374.9
-41.957283905823715 6.754572016187012 374.7
23.078827022574842 20.386554030701518 375.0
-27.68525643524481 -31.098623907659203 374.4
-6.618362523266114 -31.324332169257104 374.4
-19.095327054616064 25.203202156815678 374.3
39.82436587556731 -7.29914898565039 374.8
2.1073292897781357 24.991265020798892 374.4
10.55339037120575 -6.856068717781454 374.7
-18.67502581118606 -6.474961475469172 374.8
-22.017891630879603 6.3884405442513525 374.4
-16.822088079177774 -52.41492025181651 375.0
22.869660685420968 11.041195785626769 374.8
49.57221123960335 31.800473526120186 375.0
-3.075111440382898 -21.978598800487816 374.4
27.091023749439046 -32.84753519343212 374.7
16.308721652138047 5.969982007984072 374.8
1.1402730750851333 -6.596588158048689 374.8
-15.779812899651006 40.8911945396103 374.7
-25.97118448029505 24.96808121399954 374.4
23.29189907712862 24.714974786154926 374.4
-16.358006928814575 -19.1877548629418 374.8
0.40190139575861394 -31.32776571204886 374.3
-52.44719263294246 -32.0993490065448 374.9
-17.333376716123894 -21.590794725809246 374.3
26.32581228442723 -12.943135577253997 374.4
27.393320447241422 5.964413482230157 374.4
5.119400768191554 19.0281025855802 374.8
-16.367865280539263 -17.10213632369414 374.9
-7.64228669781005 -2.828771169297397 374.3
-10.800281813484617 -12.548196399118751 374.4
-12.748506752948742 6.422870191279799 374.9
9.059965590247884 15.653096415102482 374.4
